    /**
     * All ref matrices in this data provider are not in rref.
     */

    public function dataProviderForRefMatrix(): array
    {
        return [
            [
                [
                    [2],
                ],
            ],
            [
                [
                    [4, 2],
                ],
            ],
            [
                [
                    [1, 2],
                    [0, 1],
                ],
            ],
            [
                [
                    [1, 2],
                    [0, 1],
                    [0, 0],
                ],
            ],
            [
                [
                    [2, 3],
                    [0, 2],
                    [0, 0],
                    [0, 0],
                ],
            ],
            [
                [
                    [1, 0, -1],
                    [0, 5, 2],
                    [0, 0, 0]
                ],
            ],
            [
                [
                    [1, 2, 3, 4],
                    [0, 0, 1, 3],
                    [0, 0, 0, 1],
                ],
            ],
            [
                [
                    [1, 2, 3, 4],
                    [0, 0, 1, 3],
                    [0, 0, 0, 1],
                    [0, 0, 0, 0],
                ],
            ],
            [
                [
                    [1, 0, 3, 3],
                    [0, 1, 0, 4],
                    [0, 0, 0, 1],
                ],
            ],
            [
                [
                    [1, -3, 4, -3, 2, 5],
                    [0, 1, -2, 2, 1, -3],
                    [0, 0, 0, 0, 1, 4],
                ],
            ],
            [
                [
                    [1, 4, 5, -9, -7],
                    [0, 2, 4, -6, -6],
                    [0, 0, 0, -5, 0],
                    [0, 0, 0, 0, 0],
                ],
            ],
            [
                [
                    [3, -9, 12, -9, 6, 15],
                    [0, 1, -2, 2, 1, -3],
                    [0, 0, 0, 0, 1, 4],
                ],
            ],
        ];
    }
